(0) 1
(50) 2
(50) 3
(50) 4
(50) 5
(50) 6
(0) 1
(50) 2
(50) 3
(50) 4
(0) 1
(50) 2
(50) 3
(50) 4
(0) 1
(50) 2
(50) 3
(50) 4
(0) 1
(50) 2
(50) 3
(50) 4
(0) 1
(50) 2
(50) 3
(50) 4
(50) 5
(50) 6
(0) 1
(50) 2
(50) 3
(50) 4
(0) 1
(50) 2
(50) 3
(50) 4
(0) 1
(50) 2
(50) 3
(50) 4
(50) 5
(50) 6
(0) 1
(50) 2
(50) 3
(50) 4
(50) 5
(50) 6
(0) 1
(50) 2
(50) 3
(50) 4
(50) 5
(50) 6
(0) 1
(50) 2
(50) 3
(50) 4
(50) 5
(50) 6
(0) 1
(50) 2
(50) 3
(50) 4
(50) 5
(50) 6
(0) 1
(50) 2
(50) 3
(50) 4
(50) 5
(50) 6
(0) 1
(50) 2
(50) 3
(50) 4
(50) 5
(50) 6
(0) 1
(50) 2
(50) 3
(50) 4
(50) 5
(50) 6
(50) 7
(50) 9
(50) 10
(51) 11
(0) 1
(50) 2
(50) 3
(50) 4
(50) 5
(50) 6
(50) 7
(50) 9
(50) 10
(51) 11
(51) 12
(51) 13
(51) 14
(51) 16
(51) 17
(51) 20
(52) 21
(52) 22
(52) 23
(52) 24
(52) 25
(52) 27
(52) 28
(52) 29
(52) 30
(53) 31
(53) 32
(53) 33
(54) 34
(54) 35
(54) 36
(54) 37
(54) 38
(54) 39
(54) 40
(54) 41
(54) 42
(55) 43
(55) 44
(55) 45
(55) 46
(55) 47
(56) 48
(56) 49
(56) 50
(56) 51
